name: llms-simulate-humans
channels:
  - conda-forge
  - defaults
dependencies:
  - asttokens=2.4.1=pyhd8ed1ab_0
  - bzip2=1.0.8=he774522_0
  - ca-certificates=2024.2.2=h56e8100_0
  - colorama=0.4.6=pyhd8ed1ab_0
  - comm=0.2.1=pyhd8ed1ab_0
  - debugpy=1.8.1=py310h00ffb61_0
  - decorator=5.1.1=pyhd8ed1ab_0
  - exceptiongroup=1.2.0=pyhd8ed1ab_2
  - executing=2.0.1=pyhd8ed1ab_0
  - importlib-metadata=7.0.1=pyha770c72_0
  - importlib_metadata=7.0.1=hd8ed1ab_0
  - ipykernel=6.29.3=pyha63f2e9_0
  - ipython=8.22.1=pyh7428d3b_0
  - jedi=0.19.1=pyhd8ed1ab_0
  - jupyter_client=8.6.0=pyhd8ed1ab_0
  - jupyter_core=5.7.1=py310h5588dad_0
  - libffi=3.4.4=hd77b12b_0
  - libsodium=1.0.18=h8d14728_1
  - matplotlib-inline=0.1.6=pyhd8ed1ab_0
  - nest-asyncio=1.6.0=pyhd8ed1ab_0
  - openssl=3.2.1=hcfcfb64_0
  - packaging=23.2=pyhd8ed1ab_0
  - parso=0.8.3=pyhd8ed1ab_0
  - pickleshare=0.7.5=py_1003
  - pip=23.3.1=py310haa95532_0
  - platformdirs=4.2.0=pyhd8ed1ab_0
  - prompt-toolkit=3.0.42=pyha770c72_0
  - psutil=5.9.8=py310h8d17308_0
  - pure_eval=0.2.2=pyhd8ed1ab_0
  - pygments=2.17.2=pyhd8ed1ab_0
  - python=3.10.13=he1021f5_0
  - python-dateutil=2.8.2=pyhd8ed1ab_0
  - python_abi=3.10=2_cp310
  - pywin32=306=py310h00ffb61_2
  - pyzmq=25.1.2=py310h2849c00_0
  - setuptools=68.2.2=py310haa95532_0
  - six=1.16.0=pyh6c4a22f_0
  - sqlite=3.41.2=h2bbff1b_0
  - stack_data=0.6.2=pyhd8ed1ab_0
  - tk=8.6.12=h2bbff1b_0
  - tornado=6.4=py310h8d17308_0
  - traitlets=5.14.1=pyhd8ed1ab_0
  - typing_extensions=4.10.0=pyha770c72_0
  - ucrt=10.0.22621.0=h57928b3_0
  - vc=14.2=h21ff451_1
  - vc14_runtime=14.38.33130=h82b7239_18
  - vs2015_runtime=14.38.33130=hcb4865c_18
  - wcwidth=0.2.13=pyhd8ed1ab_0
  - wheel=0.41.2=py310haa95532_0
  - xz=5.4.5=h8cc25b3_0
  - zeromq=4.3.5=h63175ca_0
  - zipp=3.17.0=pyhd8ed1ab_0
  - zlib=1.2.13=h8cc25b3_0
  - pip:
      - aiohttp==3.9.3
      - aiosignal==1.3.1
      - async-timeout==4.0.3
      - asyncio==3.4.3
      - attrs==23.2.0
      - certifi==2024.2.2
      - charset-normalizer==3.3.2
      - contourpy==1.2.0
      - cycler==0.12.1
      - dataclasses==0.6
      - fonttools==4.49.0
      - frozenlist==1.4.1
      - idna==3.6
      - joblib==1.3.2
      - kiwisolver==1.4.5
      - matplotlib==3.8.3
      - multidict==6.0.5
      - numpy==1.26.4
      - pandas==2.2.1
      - pandas-flavor==0.6.0
      - patsy==0.5.6
      - pillow==10.2.0
      - pingouin==0.5.4
      - pycountry==23.12.11
      - pyparsing==3.1.1
      - pyreadstat==1.2.6
      - python-dotenv==1.0.1
      - pytz==2024.1
      - regex==2023.12.25
      - requests==2.31.0
      - scikit-learn==1.4.1.post1
      - scipy==1.12.0
      - seaborn==0.13.2
      - statsmodels==0.14.1
      - tabulate==0.9.0
      - threadpoolctl==3.3.0
      - tiktoken==0.6.0
      - tzdata==2024.1
      - urllib3==2.2.1
      - xarray==2024.2.0
      - yarl==1.9.4
